free_thresh: 0.196
image: aloof_ecai_cropped.pgm
negate: 0
occupied_thresh: 0.65
origin: [-9.949999999999989, -5.949999999999989, 0.0]
resolution: 0.05
